8.463096 0.8231433 1800.0 -2160.828 -74.26957 -8527.583 0.14768949 2212 1 1 0
29.398386 -5.1986885 1800.0 464.3046 -168.14723 -1163.0977 0.15333766 211 2 1002 1
20.121086 -5.805962 1800.0 170.92133 -227.78682 -1461.9556 0.14589398 -211 2 1013 1
-17.526155 5.05245 1800.0 -481.48166 89.35485 -152.10051 0.32806355 2212 3 1022 1
-12.216504 6.8761673 1800.0 -492.63626 136.35446 -189.05626 0.28807673 2212 3 1023 1
25.021017 44.700264 1800.0 228.45981 647.98816 -141.7381 0.37478954 2212 3 1024 1
9.245916 5.164804 1800.0 -279.868 535.8926 -1121.7042 0.15807912 2212 3 1027 1
11.251351 8.323288 1800.0 -52.647774 885.1535 -1104.8556 0.16224001 2212 3 1036 1
8.917936 -1.1830076 1800.0 -2098.5842 -45.68838 -8514.372 0.14697202 2212 4 1 0
-5.4050536 75.72033 1800.0 -50.462334 10.910934 48.59928 1.7414695 -211 4 1019 1
-72.25682 158.5789 1800.0 34.908688 243.79626 158.80437 2.8531263 2212 4 1022 1
20.154839 -3.4597824 1800.0 37.390602 -30.604296 -174.432 0.4405569 2212 5 1024 1
-18.199667 -6.7358403 1800.0 -331.9102 -53.49774 -224.0156 0.40912533 2212 5 1026 1
18.495638 22.646845 1800.0 95.71916 579.0405 -574.12756 0.23301569 2212 5 1027 1
12.32589 20.184092 1800.0 -49.35909 423.52396 -467.45807 0.173387 211 5 1028 1
21.60781 0.5713545 1800.0 337.49713 42.36468 -1213.2096 0.16641068 2212 5 1030 1
-0.26816243 -9.220182 1800.0 -718.5527 -395.3841 -1056.5897 0.18547794 2212 5 1031 1
31.443947 2.0423884 1800.0 701.80707 163.80334 -2519.8984 0.15591666 2212 6 1002 1
8.585077 0.21456176 1800.0 -2091.1702 -19.896235 -8510.566 0.14758974 2212 7 1 0
9.496063 0.5624388 1800.0 -2122.3992 26.917395 -8534.981 0.14671813 2212 8 1 0
-219.36668 48.54574 1800.0 301.65787 216.84239 239.20299 1.2709666 2212 8 1020 1018
9.9763155 1.4597483 1800.0 207.88148 102.19241 547.666 0.18563722 2212 8 1024 1
8.200242 0.644876 1800.0 -2223.9968 95.852066 -8462.172 0.14758608 2212 9 1 0
95.56323 172.8414 1800.0 291.64407 323.36118 -42.02878 1.6275715 2212 10 1004 1
3.537439 -1.3867298 1800.0 -86.453514 0.9376596 -198.07748 0.1667139 211 10 1005 1
8.202901 -1.2424496 1800.0 -2174.4106 68.86819 -8501.805 0.1477605 2212 11 1 0
10.424631 0.68679374 1800.0 -2113.7148 -22.623941 -8523.111 0.14597271 2212 12 1 0
2.3685744 67.01046 1800.0 29.907764 203.09921 45.305744 1.2331066 2212 12 1011 1
8.633857 -0.49967375 1800.0 -2108.9778 0.54200995 -8534.551 0.14733693 2212 13 1 0
10.548479 -0.249191 1800.0 -2247.4766 -68.10814 -8492.409 0.14570437 2212 14 1 0
9.245899 -0.58331054 1800.0 -2113.1113 55.222652 -8535.424 0.1470918 2212 15 1 0
51.339317 -16.860315 1800.0 64.46303 -57.205513 68.24588 0.68878263 211 15 1027 1
5.2353024 23.626741 1800.0 -0.84387285 68.517494 122.04332 0.53931 -211 15 1031 1
9.167051 9.271297 1800.0 -223.63817 761.69794 -663.14594 0.17822228 2212 16 1027 1
7.2210975 -0.15517338 1800.0 -378.0141 37.837597 -622.71234 0.15060443 211 16 1028 1
17.005114 -6.8661194 1800.0 523.3967 -655.63464 -1010.47205 0.154547 -211 16 1034 1
8.822859 0.6627903 1800.0 -2075.967 23.842224 -8550.753 0.14738871 2212 17 1 0
8.173259 -0.004919516 1800.0 -2178.3557 32.718735 -8517.038 0.14806828 2212 18 1 0
9.01223 0.76479065 1800.0 -2057.4053 121.67911 -8540.023 0.14738199 2212 19 1 0
43.993176 -6.8091464 1800.0 369.9961 -124.55494 -480.9109 0.28877008 2212 20 1005 1
-40.007336 -175.14105 1800.0 -368.55283 -724.02637 -142.86374 0.98568946 2212 20 1006 1
-9.5210085 -1.6837146 1800.0 -291.96255 -9.670177 -340.20087 0.18334213 211 20 1007 1
22.52876 -14.732646 1800.0 120.99826 -401.31723 -869.81665 0.15567072 -211 20 1011 1
-5.285735 -7.409252 1800.0 -101.50605 -60.741413 -58.86096 0.21745321 -211 21 1013 1
-21.522587 -13.101084 1800.0 -174.02661 -35.75357 -49.388588 0.7486016 2212 21 1016 1
8.139198 0.97258323 1800.0 -177.54085 -15.176699 -406.1732 0.18919173 2212 21 1020 1
21.662045 -1.6185606 1800.0 446.16525 -95.878395 -573.4127 0.18323755 2212 21 1023 1
6.6862626 -6.3324475 1800.0 -230.22743 -207.7103 -370.74463 0.1575988 -211 21 1025 1
10.302222 0.29045582 1800.0 -286.54742 39.036053 -999.6028 0.14616187 -211 21 1029 1
6.8604364 -3.6177049 1800.0 -118.37471 -75.841 53.10389 0.20625035 2212 22 1002 1
4.9771523 10.959957 1800.0 -230.01282 241.6618 -583.19507 0.23622207 2212 23 1015 1
-20.290241 -17.719002 1800.0 -553.61804 -220.67554 -425.84854 0.31873617 2212 23 1019 1
26.037563 3.5493536 1800.0 492.27988 247.43764 -1671.1998 0.16145724 2212 23 1020 1
15.889659 20.007252 1800.0 -76.35826 1188.479 -1673.7395 0.1769524 2212 23 1021 1
8.867388 1.3377815 1800.0 -2125.8015 75.67614 -8519.934 0.14735049 2212 24 1 0
-70.35117 -12.589178 1800.0 -164.60216 9.541525 130.02367 0.68489623 211 24 1012 1
39.807495 99.43845 1800.0 136.36584 254.7752 -64.617905 1.2320838 2212 25 1020 1
37.02866 6.6917415 1800.0 356.6595 72.161316 -358.78485 0.2980164 2212 25 1022 1
0.83655566 -1.5861784 1800.0 -310.781 -42.77627 -563.55475 0.22315024 2212 25 1023 1
2.0735433 -31.113869 1800.0 -158.10051 -491.602 -348.39398 0.20915025 -211 25 1024 1
9.58562 0.00842136 1800.0 -2429.1501 -324.95328 -8392.475 0.14661635 2212 26 1001 1
9.266579 0.8971023 1800.0 -2049.9236 33.842003 -8526.872 0.14696799 2212 27 1 0
10.685203 -0.8064372 1800.0 -2127.6067 23.581547 -8526.135 0.14584832 2212 28 1 0
-14.611269 -109.59413 1800.0 -90.74965 -280.78903 199.14616 1.6640655 2212 28 1004 1
58.20455 -56.59505 1800.0 379.3619 -595.28644 -286.07336 0.452022 2212 29 1015 1
10.884886 1.0246675 1800.0 -185.05757 39.044968 -900.9171 0.14623372 -211 29 1016 1
21.674198 1.3133254 1800.0 179.80882 35.127052 -991.2369 0.14607836 -211 29 1017 1
1.353168 -8.17398 1800.0 -918.60144 -513.79816 -1757.1167 0.1706358 2212 29 1022 1
7.9063215 0.874198 1800.0 -204.41118 85.01209 -240.0151 0.15316668 2212 30 1018 1
9.080821 0.92902416 1800.0 264.75308 113.40049 -230.84933 0.15331921 2212 30 1019 1
8.468318 0.6117284 1800.0 17.863298 -73.0887 -422.08356 0.15008225 2212 30 1020 1
8.886172 0.76999736 1800.0 396.40344 55.392395 -472.53134 0.15003179 2212 30 1022 1
8.2674465 0.99207616 1800.0 -232.31801 376.25504 -698.3228 0.14900759 2212 30 1023 1
7.77792 0.6344993 1800.0 -672.46545 -81.29227 -535.5652 0.15004206 2212 30 1024 1
8.242644 0.6359386 1800.0 -350.82565 -127.75455 -925.3772 0.14845979 2212 30 1028 1
11.809407 6.584719 1800.0 500.7279 869.13007 -82.89399 0.17680305 2212 30 1029 1
-33.120163 -92.90242 1800.0 -293.9092 -398.70212 -142.13739 0.8002706 2212 31 1001 1
11.441223 -1.3113121 1800.0 -1307.7311 -178.29063 -8020.1147 0.1457582 2212 31 1002 1
8.993691 -0.31512555 1800.0 -2088.8748 -72.0697 -8539.779 0.14706679 2212 32 1 0
-97.27333 177.47945 1800.0 -40.453968 115.19516 181.7367 2.776078 -211 32 1021 1019
37.243477 62.280563 1800.0 -14.213073 98.641754 -57.319817 0.41768423 -211 33 1018 1
4.5931587 34.371666 1800.0 -58.99708 209.85158 -232.66362 0.56368655 2212 33 1021 1
140.60434 -67.19814 1800.0 292.3733 -266.95026 -112.18526 1.2236578 2212 33 1022 1
43.218983 36.37825 1800.0 240.94344 298.58167 -346.16754 0.41784793 2212 33 1023 1
41.524178 -5.3514557 1800.0 389.45792 -107.92859 -677.1347 0.24941587 2212 33 1025 1
-25.222717 -17.094423 1800.0 -648.679 -224.1445 -573.09424 0.30736542 2212 33 1026 1
-21.295422 -38.61304 1800.0 -265.88544 -310.15585 -290.53934 0.24681367 -211 33 1027 1
-17.888556 -28.75996 1800.0 -680.9627 -502.37894 -721.7282 0.2767951 2212 33 1028 1
33.127895 -31.93312 1800.0 316.48578 -747.5887 -907.5113 0.2339203 2212 33 1030 1
9.655767 -0.6582417 1800.0 -2199.2568 59.570194 -8506.25 0.14691247 2212 34 1 0
103.05731 150.76913 1800.0 401.30045 295.6619 270.1839 1.944546 2212 34 1022 1
17.767855 -8.616837 1800.0 -7.2137322 -43.888756 -184.90707 0.570039 2212 35 1015 1001
-48.1789 -144.92143 1800.0 -223.77103 -236.32503 -66.44078 1.6885005 2212 35 1017 1001
-33.024445 2.7108083 1800.0 -275.95117 47.84831 -179.91653 0.63250303 2212 35 1018 1001
-74.68732 32.66479 1800.0 -466.09027 229.93831 -178.44086 0.7170162 2212 35 1021 1001
18.936308 -83.71496 1800.0 -51.631874 -568.6313 -224.94441 0.5837704 2212 35 1022 1001
29.355692 14.443964 1800.0 249.47104 292.33936 -724.5483 0.22240485 2212 35 1023 1001
17.397713 -3.6727235 1800.0 -5.487289 -130.7766 -988.9853 0.14445958 -211 35 1025 1001
-3.273779 13.222309 1800.0 -1028.961 620.71204 -1607.5023 0.18454808 2212 35 1026 1001
8.462058 -0.15878597 1800.0 -2046.0375 -49.27944 -8552.048 0.14763182 2212 36 1 0
8.938582 2.0178747 1800.0 -1954.3263 35.0304 -8567.681 0.14733303 2212 37 1 0
28.211117 47.55349 1800.0 141.27039 546.81714 -406.10843 0.2271756 211 38 1005 1
17.507158 8.1428 1800.0 -76.30666 405.64822 -1923.5659 0.15720053 2212 38 1007 1
-42.48772 16.753782 1800.0 -373.86758 146.50734 -115.249245 0.5742629 2212 39 1009 1
18.881958 1.9788553 1800.0 414.7343 56.3118 -913.29376 0.15169118 211 39 1011 1
7.779039 0.2994712 1800.0 -2192.7227 -7.365828 -8492.759 0.14816113 2212 40 1001 1
-108.228645 -88.032166 1800.0 -309.914 -172.19977 211.28766 1.6848022 2212 40 1006 1001
9.2906275 -1.4826969 1800.0 -2171.4165 22.224123 -8489.415 0.14694364 2212 41 1 0
74.82638 28.07196 1800.0 217.41745 31.601036 85.77524 1.4070755 2212 41 1013 1
126.7701 35.850204 1800.0 482.42297 77.13671 -107.174255 0.905155 2212 42 1012 1
137.09604 34.893734 1800.0 538.5815 69.58405 -111.182335 0.90326667 2212 42 1016 1
-9.391063 6.2315617 1800.0 -365.49582 122.1807 -372.26727 0.3022006 2212 42 1017 1
9.487614 -20.732346 1800.0 -196.82056 -555.6345 -712.81903 0.21658482 2212 42 1018 1
9.915292 6.0906386 1800.0 -208.56175 263.95544 -918.45526 0.18218845 2212 42 1019 1
9.189053 -4.7972946 1800.0 -146.39261 -119.87902 -588.527 0.1498942 -211 42 1020 1
12.597131 1.5386379 1800.0 -200.55849 105.211845 -1187.8148 0.16665073 2212 42 1021 1
6.970108 -0.037420493 1800.0 -365.99677 -14.511827 -971.40076 0.14946909 -211 42 1022 1
-20.202116 6.880489 1800.0 -669.6985 191.24754 -350.73862 0.2816716 2212 43 1017 1
7.3024874 -2.194557 1800.0 -414.02457 -126.37897 -1601.6195 0.14862226 211 43 1018 1
9.609702 0.30457842 1800.0 -2115.322 21.95099 -8528.017 0.14681615 2212 44 1 0
100.52404 -29.657923 1800.0 146.31038 -110.33078 -51.86139 0.44512618 211 45 1008 1
-9.308229 -19.744051 1800.0 -366.48285 -231.18025 -350.31485 0.32226625 2212 45 1012 1
10.568121 -1.7519801 1800.0 -124.90344 -5.979565 -450.34158 0.14860655 211 45 1016 1
6.233564 3.3734486 1800.0 -193.52675 62.833416 -456.3121 0.15447178 -211 45 1020 1
-0.023938792 6.604535 1800.0 -467.2385 230.43082 -566.94037 0.21487838 2212 45 1028 1023
-9.360035 -28.432919 1800.0 -352.5906 -402.38416 -167.20895 0.3484431 2212 46 1009 1
2.7415364 -1.7806162 1800.0 -448.36737 -33.30028 -463.83136 0.19331084 2212 46 1010 1
19.464708 21.109262 1800.0 227.42198 702.8753 -358.48944 0.23714107 2212 46 1011 1
1.9691983 5.3086133 1800.0 -414.28342 232.60992 -393.44733 0.16507667 -211 46 1012 1
13.912856 -3.9302573 1800.0 96.44337 -220.93712 -788.557 0.14715487 -211 46 1018 1
9.889613 0.049208865 1800.0 -2090.6316 102.88797 -8530.982 0.1464748 2212 47 1 0
9.178699 -1.2119958 1800.0 -2086.4402 156.71889 -8506.434 0.14703488 2212 48 1 0
47.197056 112.42971 1800.0 120.84909 47.04763 91.25173 3.8332362 2212 48 1002 1
29.219986 190.0958 1800.0 149.17032 78.526344 75.19488 4.622941 2212 48 1003 1
6.811202 -0.07797567 1800.0 -2223.1567 83.994736 -8467.037 0.14886329 2212 49 1 0
-47.652603 0.5763445 1800.0 -191.89597 44.05323 -84.86808 1.0907149 2212 50 1016 1
17.573648 -12.865905 1800.0 5.7763643 -181.64217 -383.67188 0.15855591 -211 50 1021 1
-80.79825 42.689568 1800.0 -834.0058 431.9244 -255.42805 0.5592734 2212 50 1022 1
9.888406 -19.264223 1800.0 -272.29718 -673.6515 -988.2234 0.19750585 2212 50 1025 1
5.523293 -2.3951466 1800.0 -1157.8116 -306.13397 -2731.195 0.1562831 2212 50 1027 1
